962431221
962432221
963431221
961433222
961441320
961510321
961510322
961511322
961521330
962520331
962521331
961522332
961531420
961530422
961530431
910560442
910561520
911661020
912660021
912661021
912711210
901712221
911722211
920730221
921731220
920731222
921731320
922730322
931730330
941730301
941730311
941731320
941731132
942742101
942742102
942742112
953712110
953712202
953713202
953713103
953713113
954723101
954723202
954723013
954724011
955721110
961721200
962721200
962721012
962721121
962732101
962732210
963730211
961733211
961741220
961740222
961741320
960741322
960741331
962741330
962741410
962741141
962752102
962752112
963752111
963752112
963753111
963753212
964752211
964752221
964752311
964752132
961754133
961754114
961751115
961752115
961752251
961762211
911772211
921820220
931821200
931821102
931821112
932822111
933821111
940821212
941822211
941831220
941831310
941831131
942841101
942841201
952812200
952812012
953822100
953830110
950831113
951833111
951840212
951842211
951842221
951842311
951842232
951841233
951841241
952851210
962811201
962820211
961822211
961832220
961831222
962832221
962832311
962832322
962832233
963843201
963843211
961844211
961850221
960851222
960851321
962850322
962850331
962851332
962851421
962852422
962852143
961853143
961851144
961851151
962861101
962861201
972802210
972821210
972821121
972832101
972832210
973830211
971833211
971841220
971840222
971840321
972840322
972840331
972841331
972841141
972852110
972852012
973852110
973852012
973853011
973853102
973853112
974852112
974853111
974853211
974853122
974853113
974854111
975851111
971855112
971860221
971860222
971861222
971861321
971861322
971861331
971861332
971861421
971861422
971861431
971861432
971862432
971861433
971861441
971861442
971861521
971861522
971861531
971861532
972862532
971862533
971862541
