110113 40 0.9722357298497536 Inaccuracy
111023 39 0.0 Blunder
011233 37 0.9473327191824673 Mistake
111334 37 0.9836252655304029 Inaccuracy
322015 37 0.8846726760364683 Mistake
441125 40 0.9813114627490951 Inaccuracy
511225 37 0.11228197342766034 Blunder
110223 39 0.9923702078810781 Inaccuracy
022223 37 0.9916183895194892 Inaccuracy
433015 37 0.9808527159824472 Inaccuracy
211033 37 0.9925430886275914 Inaccuracy
102113 40 0.9849972240673839 Inaccuracy
222014 38 0.9498586912772519 Mistake
